0.036401857313764226,1.575093150421923e-06
0.05087159559598551,2.746865976340755e-06
0.06534133387820679,4.145368332311235e-06
0.07981107216042806,5.739901711928728e-06
0.09428081044264934,7.504320284420225e-06
0.10875054872487062,9.417696509517537e-06
0.12322028700709191,1.1464295834394546e-05
0.13769002528931318,1.3625541545710613e-05
0.15215976357153446,1.5881254594575347e-05
0.16662950185375575,1.8229564921437237e-05
0.18109924013597703,2.0651662716724057e-05
0.19556897841819829,2.314217250865314e-05
0.2100387167004196,2.5684977654962097e-05
0.22450845498264085,2.828255579005892e-05
0.2389781932648621,3.090865120523962e-05
0.25344793154708345,3.357011977949241e-05
0.2679176698293047,3.625926946788467e-05
0.28238740811152596,3.896298826549002e-05
0.2968571463937473,4.167794174846892e-05
0.31132688467596853,4.441446546660331e-05
0.32579662295818984,4.713060873452214e-05
0.3402663612404111,4.985590770274678e-05
0.35473609952263235,5.2576117653212516e-05
0.36920583780485366,5.527045218193562e-05
0.3836755760870749,5.795892559872254e-05
0.3981453143692962,6.061666188393595e-05
0.41261505265151754,6.326560501395827e-05
0.4270847909337388,6.587547299837503e-05
0.44155452921596006,6.847456654300237e-05
0.4560242674981813,7.101947161739422e-05
0.4704940057804027,7.353786626246935e-05
0.48496374406262394,7.60076177488115e-05
0.4994334823448452,7.846106669910099e-05
0.5139032206270665,8.085529180399106e-05
0.5283729589092878,8.321169596389358e-05
0.542842697191509,8.551318170116924e-05
0.5573124354737303,8.778304201626422e-05
0.5717821737559516,8.999365551522965e-05
0.5862519120381728,9.215284485822137e-05
0.6007216503203942,9.427477956450789e-05
0.6151913886026155,9.63262992756741e-05
0.6296611268848367,9.834117947019412e-05
0.644130865167058,0.00010028955285918965
0.6586006034492793,0.0001022053490791701
0.6730703417315006,0.00010405396468720584
0.6875400800137218,0.00010582098947102878
0.7020098182959431,0.00010754420789838034
0.7164795565781643,0.00010921648194963754
0.7309492948603856,0.00011085849473970888
0.7454190331426069,0.0001124066646097158
0.7598887714248281,0.0001139026934412924
0.7743585097070494,0.00011535268439098685
0.7888282479892709,0.00011675119687068786
0.8032979862714921,0.00011806877292443497
0.8177677245537134,0.00011933745057020202
0.8322374628359347,0.00012055934951868729
0.8467072011181559,0.00012172014490748778
0.8611769394003772,0.0001228102239954115
0.8756466776825984,0.00012385099792256392
0.8901164159648197,0.00012483399432287689
0.9045861542470411,0.0001257631660201732
0.9190558925292622,0.00012663844705542883
0.9335256308114837,0.0001274971654765993
0.9479953690937047,0.0001282434854923386
0.9624651073759262,0.00012896203506706458
0.9769348456581475,0.0001296182782189187
0.9914045839403687,0.00013024343774859965
1.00587432222259,0.0001307989931113622
1.0203440605048113,0.00013133703620849964
1.0348137987870325,0.00013179000097627517
1.049283537069254,0.00013220517403276963
1.0637532753514751,0.0001325698197759472
1.0782230136336963,0.0001329042960215507
1.0926927519159177,0.00013317501734708126
1.107162490198139,0.0001334289222208483
1.1216322284803601,0.00013360565959923907
1.1361019667625814,0.00013374101463724787
1.1505717050448028,0.00013388520916154503
1.1650414433270242,0.00013390730444756032
1.1795111816092454,0.0001339654871497088
1.1939809198914666,0.00013392939376058178
1.2084506581736878,0.00013387470454615788
1.2229203964559092,0.00013379118167838186
1.2373901347381304,0.0001336449248927655
1.2518598730203516,0.00013348863819320447
1.266329611302573,0.00013328109560279205
1.2807993495847945,0.00013305174111741326
1.2952690878670157,0.00013280556584007242
1.3097388261492369,0.00013249965875219226
1.324208564431458,0.00013216996594706172
1.3386783027136795,0.00013180632640606105
1.3531480409959007,0.00013141993502385576
1.367617779278122,0.0001310039325239722
1.3820875175603433,0.00013055217845499054
1.3965572558425645,0.0001301169635257603
1.4110269941247857,0.0001295983900745953
1.4254967324070071,0.00012907615796501148
1.4399664706892283,0.0001285213842012268
1.4544362089714498,0.0001279512333608701
1.4689059472536707,0.0001273895418961026
1.4833756855358922,0.00012675165043677506
1.4978454238181134,0.00012611590653197174
1.5123151621003346,0.00012547634609626367
1.5267849003825558,0.00012480452707018563
1.5412546386647772,0.0001241147981255124
1.5557243769469984,0.00012341685581166128
1.5701941152292196,0.00012268023759083816
1.584663853511441,0.00012196444622182598
1.5991335917936622,0.00012117888028451677
1.6136033300758834,0.00012040403130828713
1.628073068358105,0.00011962723908499235
1.6425428066403263,0.00011881905257352002
1.6570125449225472,0.00011800867686831675
1.6714822832047689,0.000117195374345788
1.68595202148699,0.000116360571390383
1.7004217597692113,0.00011549527835400414
1.7148914980514325,0.00011463538742887428
1.729361236333654,0.00011377461269252719
1.743830974615875,0.00011289865821029245
1.7583007128980963,0.00011201454209687314
1.7727704511803177,0.00011111938499837424
1.787240189462539,0.00011021795730663985
1.8017099277447601,0.00010933048544737373
1.8161796660269816,0.00010840897482151033
1.8306494043092028,0.00010749132003409293
1.845119142591424,0.00010656684899660304
1.8595888808736452,0.00010563535789982507
1.8740586191558666,0.0001046973445852018
1.8885283574380878,0.00010376910104765524
1.902998095720309,0.00010283981943630296
1.9174678340025306,0.00010187685538502579
1.9319375722847518,0.00010094368710636894
1.9464073105669728,0.0001000031937939961
1.9608770488491944,9.904298592373799e-05
1.9753467871314156,9.809181747195187e-05
1.9898165254136368,9.713765673991564e-05
2.004286263695858,9.618941823833249e-05
2.0187560019780793,9.522679287601627e-05
2.0332257402603005,9.426681072237505e-05
2.0476954785425217,9.331575144873788e-05
2.0621652168247433,9.236145095045098e-05
2.0766349551069645,9.143231211287073e-05
2.0911046933891857,9.046364186956247e-05
2.1055744316714073,8.950087334382698e-05
2.1200441699536285,8.854919005399176e-05
2.1345139082358497,8.760548713272016e-05
2.148983646518071,8.667420893785374e-05
2.163453384800292,8.573030571710367e-05
2.1779231230825133,8.47829277495071e-05
2.192392861364735,8.384629412014942e-05
2.206862599646956,8.29127490881312e-05
2.2213323379291774,8.198272958461465e-05
2.2358020762113986,8.107115487330393e-05
2.25027181449362,8.012928968969639e-05
2.264741552775841,7.923373041198092e-05
2.279211291058062,7.831219294474444e-05
2.293681029340284,7.739475923305179e-05
2.308150767622505,7.64898615939127e-05
2.3226205059047262,7.560419610375672e-05
2.337090244186948,7.470184530283287e-05
2.351559982469169,7.382032604344067e-05
2.36602972075139,7.291955866286053e-05
2.380499459033611,7.204011075851074e-05
2.3949691973158327,7.116494232426541e-05
2.409438935598054,7.029519671727762e-05
2.423908673880275,6.94288867537304e-05
2.4383784121624967,6.85754994276414e-05
2.452848150444718,6.771603851818369e-05
2.467317888726939,6.687035733801351e-05
2.4817876270091603,6.604353738296765e-05
2.4962573652913815,6.520542972375561e-05
2.5107271035736027,6.437674477371049e-05
2.5251968418558244,6.354851531273679e-05
2.5396665801380456,6.274657052324724e-05
2.554136318420267,6.192605923766996e-05
2.568606056702488,6.113185969582613e-05
2.583075794984709,6.0455483395277226e-05
2.5975455332669304,5.985920382497739e-05
2.6120152715491516,5.904521539308835e-05
2.6264850098313732,5.8248942598113775e-05
2.6409547481135944,5.745197154582283e-05
2.6554244863958156,5.666267444561427e-05
2.6698942246780373,5.588151103514128e-05
2.6843639629602585,5.5112202392414816e-05
2.6988337012424797,5.434603923044436e-05
2.713303439524701,5.360303423052863e-05
2.727773177806922,5.2843825193038564e-05
2.7422429160891433,5.211820968403095e-05
2.7567126543713645,5.137431944591183e-05
2.771182392653586,5.065269835888506e-05
2.7856521309358073,4.993643204877632e-05
2.8001218692180285,4.9226873156781456e-05
2.8145916075002497,4.8536844717033976e-05
2.829061345782471,4.7839498915763514e-05
2.843531084064692,4.7156498419410176e-05
2.8580008223469138,4.6480881049840305e-05
2.872470560629135,4.5808094269927204e-05
2.886940298911356,4.514070473992285e-05
2.9014100371935774,4.4485783528712315e-05
2.915879775475799,4.383840929007129e-05
2.93034951375802,4.319859752826615e-05
2.9448192520402414,4.256624344406942e-05
2.9592889903224626,4.194051599364702e-05
2.973758728604684,4.1325452898437315e-05
2.988228466886905,4.072124797168597e-05
3.0026982051691262,4.011134536073932e-05
3.0171679434513474,3.9524428467385374e-05
3.031637681733569,3.893580639185566e-05
3.0461074200157903,3.8351188420982565e-05
3.0605771582980115,3.777558646952007e-05
3.0750468965802327,3.7209911666066385e-05
3.089516634862454,3.6649293772320666e-05
3.103986373144675,3.610122017352691e-05
3.118456111426897,3.555820892596794e-05
3.1329258497091184,3.5018319825785256e-05
3.147395587991339,3.448787530766109e-05
3.1618653262735603,3.3958844410046716e-05
3.1763350645557815,3.344085880188909e-05
3.1908048028380027,3.293052051553869e-05
3.205274541120224,3.242589273313312e-05
3.219744279402446,3.192788819072543e-05
3.234214017684667,3.1436470881132794e-05
3.2486837559668884,3.0951648136606616e-05
3.2631534942491096,3.0479297604911747e-05
3.277623232531331,3.0000286353314322e-05
3.2920929708135516,2.9539260465180568e-05
3.3065627090957737,2.9081710728436077e-05
3.321032447377995,2.8623423749170058e-05
3.335502185660216,2.8178559368955306e-05
3.3499719239424373,2.773577959176479e-05
3.3644416622246585,2.7301920301734937e-05
3.3789114005068797,2.68729149358692e-05
3.393381138789101,2.6449303198415736e-05
3.4078508770713225,2.603545785462589e-05
3.4223206153535437,2.5624912843288633e-05
3.436790353635765,2.5214773743306306e-05
3.451260091917986,2.4815808087635356e-05
3.4657298302002073,2.4420919813122794e-05
3.4801995684824285,2.4036107482698162e-05
3.4946693067646497,2.365273062579422e-05
3.5091390450468714,2.3275753476660852e-05
3.5236087833290926,2.2902089173036795e-05
3.5380785216113138,2.2535630008427514e-05
3.552548259893535,2.2170562019784975e-05
3.567017998175756,2.1813867842055813e-05
3.5814877364579774,2.1462317554942288e-05
3.595957474740199,2.1115857525016758e-05
3.61042721302242,2.0774724415355743e-05
3.6248969513046414,2.043829184934549e-05
3.6393666895868626,2.0106778434348255e-05
3.653836427869084,1.97801269242145e-05
3.668306166151305,1.945828223172924e-05
3.682775904433526,1.914119033445786e-05
3.6972456427157483,1.8828797698044094e-05
3.711715380997969,1.852105982588771e-05
3.7261851192801902,1.8217902453587762e-05
3.7406548575624115,1.7919272631350688e-05
3.7551245958446327,1.762518787569319e-05
3.769594334126854,1.7335327510874092e-05
3.784064072409076,1.7049895022624186e-05
3.798533810691297,1.676972614115485e-05
3.8130035489735183,1.6491927631619856e-05
3.8274732872557395,1.6221551597275247e-05
3.8419430255379607,1.595082789771934e-05
3.8564127638201815,1.5686134871621848e-05
3.8708825021024027,1.54280419960389e-05
3.885352240384625,1.517130742288958e-05
3.899821978666846,1.4917516661566198e-05
3.914291716949067,1.4668529446545812e-05
3.9287614552312884,1.4422991175394554e-05
3.9432311935135096,1.4184849574488364e-05
3.957700931795731,1.3946505452163678e-05
3.9721706700779524,1.3711899159917329e-05
3.9866404083601736,1.3481688681519186e-05
4.001110146642395,1.3257165895087984e-05
4.015579884924616,1.3033322547168591e-05
4.030049623206837,1.281455054558451e-05
4.044519361489058,1.2598515842785735e-05
4.05898909977128,1.2385576053566946e-05
4.073458838053502,1.2175374958106649e-05
4.087928576335723,1.196963198909197e-05
4.102398314617944,1.1767210214429088e-05
4.116868052900165,1.1565978084243943e-05
4.131337791182386,1.136950891106446e-05
4.145807529464607,1.1176154196723494e-05
4.160277267746829,1.098587087879478e-05
4.17474700602905,1.0798616598772373e-05
4.189216744311271,1.0614349547323426e-05
4.2036864825934925,1.0433028609301448e-05
4.218156220875714,1.025477580019092e-05
4.232625959157935,1.007932645222733e-05
4.247095697440156,9.90773358916533e-06
4.261565435722378,9.738346378886591e-06
4.276035174004599,9.569608821210823e-06
4.290504912286821,9.406544186906867e-06
4.304974650569042,9.24349502149154e-06
4.319444388851263,9.084908061605252e-06
4.333914127133484,8.92692477333168e-06
4.348383865415705,8.772900264450014e-06
4.362853603697927,8.621839244340414e-06
4.377323341980148,8.472422084904544e-06
4.391793080262369,8.326943862041134e-06
4.40626281854459,8.181347739294259e-06
4.420732556826811,8.039889784686674e-06
4.435202295109033,7.900107475505497e-06
4.449672033391255,7.762884492789177e-06
4.464141771673476,7.62792536202216e-06
4.478611509955697,7.495278353386635e-06
4.493081248237918,7.365066630769234e-06
4.5075509865201395,7.236475726956846e-06
4.522020724802361,7.109091329246885e-06
4.536490463084582,6.984859076692759e-06
4.550960201366803,6.863966772321258e-06
4.565429939649024,6.743730554224671e-06
4.5798996779312455,6.624269569034609e-06
4.594369416213467,6.509152619401962e-06
4.608839154495688,6.393843788978058e-06
4.623308892777909,6.281799540147163e-06
4.637778631060131,6.17093318292366e-06
4.652248369342352,6.0634180145277385e-06
4.666718107624574,5.955940404717007e-06
4.681187845906795,5.851490062312687e-06
4.695657584189016,5.747694047267799e-06
4.710127322471237,5.646269442602143e-06
4.724597060753458,5.546587495489989e-06
4.7390667990356805,5.447762890175948e-06
4.753536537317902,5.351267523126423e-06
4.768006275600123,5.256403270424038e-06
4.782476013882344,5.163144677553955e-06
4.796945752164565,5.07146665165771e-06
4.8114154904467865,4.981344457906949e-06
4.825885228729008,4.892753956637106e-06
4.840354967011229,4.805671216909133e-06
4.85482470529345,4.720072783435589e-06
4.869294443575671,4.635935681137466e-06
4.8837641818578925,4.553234182326631e-06
4.898233920140114,4.472241014156159e-06
4.912703658422335,4.392301973840672e-06
4.927173396704557,4.3136333946795986e-06
4.941643134986778,4.2370169407299055e-06
4.956112873268999,4.1605872548214154e-06
4.970582611551221,4.086054866343164e-06
4.985052349833442,4.0126942141670875e-06
4.999522088115663,3.9407634920223224e-06
5.013991826397884,3.870382952699372e-06
5.028461564680105,3.8004462934778453e-06
5.042931302962327,3.732102640410381e-06
5.057401041244548,3.6652583002139743e-06
5.071870779526769,3.5991912251116953e-06
5.08634051780899,3.534340551687983e-06
5.100810256091211,3.470620714515447e-06
5.1152799943734335,3.4080180536756472e-06
5.129749732655655,3.3465217309085647e-06
5.144219470937876,3.2860598331418755e-06
5.158689209220097,3.2267514258184613e-06
5.173158947502318,3.167909110938348e-06
5.1876286857845395,3.11110492261705e-06
5.202098424066762,3.0542031559644788e-06
5.216568162348983,2.999136764471026e-06
5.231037900631204,2.9447677202560436e-06
5.245507638913425,2.890978842422227e-06
5.2599773771956455,2.838445116343945e-06
5.274447115477867,2.7872060085402054e-06
5.288916853760088,2.736141318068645e-06
5.30338659204231,2.686600809603556e-06
5.317856330324531,2.6376834646566025e-06
5.332326068606752,2.589491636124649e-06
5.346795806888974,2.5423226095602055e-06
5.361265545171195,2.4957066825172724e-06
5.375735283453416,2.4505997900328528e-06
5.390205021735638,2.405685949644355e-06
5.404674760017859,2.3614565470890204e-06
5.4191444983000805,2.3183267184910924e-06
5.433614236582302,2.2761405682415855e-06
5.448083974864523,2.234480133382505e-06
5.462553713146744,2.193429176557592e-06
5.477023451428965,2.1529644070592535e-06
5.4914931897111865,2.113455764433718e-06
5.505962927993408,2.0746499255524922e-06
5.520432666275629,2.036536092686521e-06
5.53490240455785,1.999124608693496e-06
5.549372142840071,1.962355091798051e-06
5.5638418811222925,1.9262415892571663e-06
5.578311619404514,1.8907727713921834e-06
5.592781357686736,1.8559376167057442e-06
5.607251095968957,1.821725314672076e-06
5.621720834251178,1.7881252800987254e-06
5.636190572533399,1.755126601034272e-06
5.650660310815621,1.722719496435576e-06
5.665130049097842,1.690894000228131e-06
5.679599787380063,1.6596403507997863e-06
5.694069525662284,1.6289493500477467e-06
5.708539263944505,1.5989138703093919e-06
5.723009002226727,1.5692163540397663e-06
5.737478740508948,1.5403052378413292e-06
5.751948478791169,1.5116143266345797e-06
5.76641821707339,1.48357959368535e-06
5.780887955355612,1.4561768752594864e-06
5.7953576936378335,1.4290361238630828e-06
5.809827431920055,1.4026374821609248e-06
