0.03236744703859414,6.012911316639429e-07
0.045233507236435315,1.0538483903664086e-06
0.058099567434276474,1.602453592176576e-06
0.07096562763211765,2.238923894927953e-06
0.08383168782995883,2.957837763919189e-06
0.0966977480278,3.7548115606156918e-06
0.10956380822564117,4.626367306865566e-06
0.12242986842348232,5.570328324368723e-06
0.1352959286213235,6.583797722997063e-06
0.14816198881916468,7.665560749321104e-06
0.16102804901700585,8.813336116923338e-06
0.17389410921484702,1.0040495320534846e-05
0.1867601694126882,1.1284980698136632e-05
0.19962622961052937,1.2581607142476555e-05
0.2124922898083705,1.3927376443010831e-05
0.2253583500062117,1.5320059060470425e-05
0.23822441020405286,1.6757077769046478e-05
0.25109047040189403,1.8236693340696257e-05
0.2639565305997352,1.9756718038224472e-05
0.2768225907975764,2.1314817062502698e-05
0.2896886509954175,2.2909529753448974e-05
0.3025547111932587,2.4537539484090856e-05
0.31542077139109986,2.61980023657772e-05
0.32828683158894106,2.7888589997567564e-05
0.3411528917867822,2.960728733990359e-05
0.3540189519846234,3.1352164232432166e-05
0.3668850121824646,3.312220161590984e-05
0.37975107238030575,3.4914979530314924e-05
0.3926171325781469,3.672774434179346e-05
0.4054831927759881,3.855969758150316e-05
0.4183492529738293,4.041180207853992e-05
0.43121531317167044,4.2279904221775254e-05
0.4440813733695116,4.416236626926433e-05
0.4569474335673528,4.605609866864565e-05
0.469813493765194,4.796119091651322e-05
0.48267955396303514,4.987593958357681e-05
0.4955456141608763,5.179807365167158e-05
0.5084116743587175,5.372584702850526e-05
0.5212777345565586,5.565938044614773e-05
0.5341437947543999,5.759530648850151e-05
0.547009854952241,5.953378399952184e-05
0.5598759151500822,6.14710916346412e-05
0.5727419753479233,6.340561463534884e-05
0.5856080355457646,6.533609823769805e-05
0.5984740957436057,6.726413225684645e-05
0.6113401559414469,6.918599114649487e-05
0.624206216139288,7.109930795147582e-05
0.6370722763371292,7.300375225075566e-05
0.6499383365349704,7.489675746880369e-05
0.6628043967328116,7.67785282568379e-05
0.6756704569306526,7.864675752851312e-05
0.6885365171284938,8.050324081165527e-05
0.701402577326335,8.234563732421701e-05
0.7142686375241761,8.417159013292667e-05
0.7271346977220173,8.597695688439525e-05
0.7400007579198586,8.776355577609827e-05
0.7528668181176996,8.9530200025459e-05
0.7657328783155409,9.127517238630041e-05
0.778598938513382,9.300051072032646e-05
0.7914649987112232,9.470108374227741e-05
0.8043310589090644,9.637674897982228e-05
0.8171971191069055,9.80261256255864e-05
0.8300631793047467,9.964884517688022e-05
0.8429292395025878,0.00010124447493464453
0.855795299700429,0.00010281070019081084
0.8686613598982703,0.00010434917302768322
0.8815274200961114,0.00010585249721604762
0.8943934802939526,0.0001073268170088659
0.9072595404917938,0.00010876579627929636
0.9201256006896349,0.00011017549500616818
0.9329916608874761,0.0001115496202276224
0.9458577210853172,0.00011288989810432688
0.9587237812831584,0.00011419674382251536
0.9715898414809997,0.00011547141721642767
0.9844559016788408,0.00011671486954548879
0.997321961876682,0.00011791750756787887
1.010188022074523,0.00011908474543414441
1.0230540822723644,0.00012021610879100899
1.0359201424702056,0.0001213090211735372
1.0487862026680466,0.00012236384575201736
1.0616522628658878,0.00012338560797407852
1.074518323063729,0.00012436808933672698
1.0873843832615702,0.00012531451921865926
1.1002504434594114,0.0001262193519371565
1.1131165036572523,0.0001270874993364137
1.1259825638550938,0.00012791940759864938
1.138848624052935,0.0001287089350774168
1.151714684250776,0.00012946025570864604
1.1645807444486171,0.00013017423317675144
1.1774468046464583,0.0001308452976706002
1.1903128648442995,0.00013147790694787587
1.2031789250421407,0.00013207551616707365
1.2160449852399817,0.0001326280972527328
1.2289110454378231,0.00013314915760646368
1.2417771056356641,0.00013363217639986475
1.2546431658335053,0.0001340769708574509
1.2675092260313465,0.00013448069503187868
1.2803752862291877,0.00013484969923226457
1.293241346427029,0.000135181196035974
1.30610740662487,0.00013547556928548214
1.318973466822711,0.00013573187703193204
1.3318395270205523,0.0001359531665644709
1.3447055872183933,0.0001361391542015709
1.3575716474162345,0.00013629113678724532
1.370437707614076,0.0001364053593511345
1.3833037678119169,0.00013648806725135134
1.3961698280097579,0.00013653604405767736
1.4090358882075993,0.00013655059043231002
1.4219019484054405,0.0001365276313427577
1.4347680086032815,0.00013646999764210067
1.4476340688011229,0.00013637704730648186
1.4605001289989639,0.0001362549094381113
1.473366189196805,0.00013610217460970973
1.4862322493946465,0.00013591762619189686
1.4990983095924875,0.0001357018404698917
1.5119643697903287,0.00013545769567014095
1.5248304299881696,0.0001351859093384529
1.537696490186011,0.00013488287961725912
1.550562550383852,0.0001345538238436881
1.5634286105816932,0.00013419929520876858
1.5762946707795347,0.00013381858303645628
1.5891607309773756,0.00013341082233889637
1.6020267911752166,0.0001329759506733117
1.614892851373058,0.0001325198944904204
1.6277589115708992,0.00013204102365761992
1.6406249717687402,0.00013153667182516928
1.6534910319665814,0.0001310101703721257
1.6663570921644226,0.00013045980903149564
1.6792231523622638,0.00012989200864924405
1.6920892125601048,0.00012929769650624084
1.7049552727579462,0.00012868690109420414
1.7178213329557874,0.00012805624994695794
1.7306873931536284,0.00012740372141395673
1.7435534533514698,0.0001267352702984453
1.7564195135493108,0.0001260506914802415
1.769285573747152,0.00012534852741403178
1.7821516339449934,0.0001246299462251613
1.7950176941428344,0.000123894259289214
1.8078837543406754,0.0001231447171198959
1.8207498145385166,0.00012238179591293554
1.833615874736358,0.00012160338780073832
1.846481934934199,0.00012081209288796518
1.8593479951320402,0.00012000617017826283
1.8722140553298814,0.00011919210917231345
1.8850801155277226,0.00011836294766448396
1.8979461757255636,0.00011752377554191149
1.910812235923405,0.00011667399101270357
1.9236782961212462,0.00011581502256883527
1.9365443563190872,0.00011494637202958535
1.9494104165169286,0.0001140689770323196
1.9622764767147696,0.00011318538465103275
1.9751425369126108,0.00011229259809030017
1.9880085971104517,0.0001113891014066284
2.000874657308293,0.00011048197096922302
2.0137407175061344,0.00010956624669023977
2.026606777703975,0.00010864596812482429
2.0394728379018168,0.00010772119950205235
2.052338898099658,0.00010679003141120545
2.0652049582974987,0.00010585550207008502
2.0780710184953404,0.00010491505339762323
2.090937078693181,0.00010397101997835346
2.1038031388910223,0.00010302529153832424
2.1166691990888635,0.00010207528965357952
2.1295352592867047,0.00010112365319113933
2.142401319484546,0.00010017011329456882
2.155267379682387,9.921652460802222e-05
2.1681334398802283,9.825970879522772e-05
2.1809995000780695,9.730172372295081e-05
2.1938655602759107,9.634519299530062e-05
2.206731620473752,9.538869952233481e-05
2.219597680671593,9.443166449169659e-05
2.232463740869434,9.347523287666933e-05
2.2453298010672755,9.251710071906141e-05
2.2581958612651167,9.156223779625207e-05
2.2710619214629575,9.060873585303032e-05
2.2839279816607987,8.96580454766023e-05
2.29679404185864,8.870772520954659e-05
2.309660102056481,8.775900977785744e-05
2.3225261622543223,8.68156371630133e-05
2.3353922224521635,8.5871615087632e-05
2.3482582826500047,8.493256093125075e-05
2.361124342847846,8.399477032898962e-05
2.373990403045687,8.306218634470395e-05
2.3868564632435283,8.213292815710275e-05
2.3997225234413695,8.120729389886973e-05
2.4125885836392107,8.02848084918819e-05
2.425454643837052,7.93676073195644e-05
2.4383207040348926,7.845428640044687e-05
2.451186764232734,7.754680568844144e-05
2.4640528244305755,7.66429078851563e-05
2.4769188846284163,7.574344735978176e-05
2.4897849448262575,7.4849823343062e-05
2.5026510050240987,7.39622833839134e-05
2.51551706522194,7.307880530665633e-05
2.528383125419781,7.220206688572927e-05
2.5412491856176223,7.132950704387257e-05
2.5541152458154635,7.046198170933001e-05
2.5669813060133047,6.960171532232759e-05
2.5798473662111454,6.874718604025758e-05
2.592713426408987,6.789900454462719e-05
2.6055794866068283,6.705471263882317e-05
2.6184455468046695,6.621927604508486e-05
2.6313116070025107,6.538845214101518e-05
2.6441776672003514,6.456407357231176e-05
2.6570437273981926,6.374723085642446e-05
2.669909787596034,6.293586824470636e-05
2.682775847793875,6.213227253890602e-05
2.6956419079917167,6.133387159143068e-05
2.7085079681895574,6.0543592997539086e-05
2.7213740283873986,5.975980489054614e-05
2.73424008858524,5.898148046718315e-05
2.747106148783081,5.821166755138718e-05
2.7599722089809218,5.7447835475873e-05
2.7728382691787634,5.669150749653481e-05
2.7857043293766046,5.594173157618286e-05
2.798570389574446,5.519865382531497e-05
2.811436449772287,5.446358570904564e-05
2.8243025099701278,5.373548737659228e-05
2.837168570167969,5.301278500255864e-05
2.85003463036581,5.2298830607735864e-05
2.862900690563652,5.15911171699824e-05
2.875766750761493,5.089072479945345e-05
2.8886328109593338,5.0197379053409145e-05
2.901498871157175,4.951167265239877e-05
2.914364931355016,4.883248771023692e-05
2.927230991552857,4.8160111135744e-05
2.940097051750699,4.74950553817058e-05
2.9529631119485398,4.683768940752869e-05
2.965829172146381,4.618640774641957e-05
2.978695232344222,4.554227965372078e-05
2.991561292542063,4.4905400860261995e-05
3.004427352739904,4.427544314451879e-05
3.0172934129377453,4.365283403263904e-05
3.030159473135587,4.303736473936347e-05
3.043025533333428,4.2428199628210664e-05
3.055891593531269,4.182601896926e-05
3.06875765372911,4.1230392342424056e-05
3.0816237139269513,4.064169663917823e-05
3.0944897741247925,4.006088762914567e-05
3.1073558343226333,3.9485492637364955e-05
3.120221894520475,3.89170515498797e-05
3.133087954718316,3.835575467964522e-05
3.1459540149161573,3.780079499008248e-05
3.1588200751139985,3.725276987009876e-05
3.1716861353118393,3.671176447589132e-05
3.1845521955096805,3.6176933788941706e-05
3.197418255707522,3.5648143995208486e-05
3.2102843159053633,3.512601095260955e-05
3.2231503761032045,3.4610769781281025e-05
3.2360164363010453,3.410128849795122e-05
3.2488824964988865,3.35984478850791e-05
3.2617485566967277,3.310121741702788e-05
3.2746146168945685,3.261151544986824e-05
3.2874806770924105,3.2126789447288455e-05
3.3003467372902513,3.1649236188705477e-05
3.3132127974880925,3.1176518741573427e-05
3.3260788576859337,3.071068225888572e-05
3.3389449178837745,3.0250894098988037e-05
3.3518109780816157,2.979723313448825e-05
3.3646770382794573,2.934873763637666e-05
3.3775430984772985,2.8906269680929908e-05
3.3904091586751397,2.8469908809939262e-05
3.4032752188729805,2.8039569665602522e-05
3.4161412790708217,2.7614740401137038e-05
3.429007339268663,2.719509914308925e-05
3.441873399466504,2.6780941358881194e-05
3.4547394596643457,2.6373125985118876e-05
3.4676055198621865,2.5970094403245174e-05
3.4804715800600277,2.5572526115758874e-05
3.493337640257869,2.5180887820422912e-05
3.50620370045571,2.479389233356148e-05
3.519069760653551,2.441263451859865e-05
3.5319358208513925,2.4036068191205085e-05
3.5448018810492337,2.3665389385915484e-05
3.557667941247075,2.3299663354529474e-05
3.570534001444916,2.2938628611481627e-05
3.583400061642757,2.258255307831843e-05
3.596266121840598,2.2231611735965666e-05
3.609132182038439,2.1885786156139853e-05
3.621998242236281,2.1544381770460767e-05
3.634864302434122,2.120791424872765e-05
3.647730362631963,2.0876482429818117e-05
3.660596422829804,2.0549256522419974e-05
3.673462483027645,2.0226804498998326e-05
3.686328543225486,1.990933868268951e-05
3.699194603423328,1.9596107866418373e-05
3.712060663621169,1.9287094323440226e-05
3.72492672381901,1.8982698257462283e-05
3.737792784016851,1.868279788989953e-05
3.750658844214692,1.8386657856339834e-05
3.763524904412533,1.809580251977529e-05
3.7763909646103744,1.780841027671482e-05
3.789257024808216,1.7524908587901778e-05
3.8021230850060572,1.724609200594163e-05
3.814989145203898,1.6971324719756862e-05
3.827855205401739,1.670042923176997e-05
3.8407212655995804,1.6433612387179527e-05
3.8535873257974216,1.6170570195257275e-05
3.8664533859952632,1.591131731938638e-05
3.879319446193104,1.565611410818402e-05
3.892185506390945,1.540476752467215e-05
3.9050515665887864,1.5157013439800824e-05
3.9179176267866276,1.491271596467962e-05
3.9307836869844683,1.4672407433258746e-05
3.9436497471823095,1.4435220363438593e-05
3.956515807380151,1.420201888396947e-05
3.9693818675779924,1.3972113925904895e-05
3.9822479277758336,1.3745603053873651e-05
3.9951139879736743,1.3522598717798467e-05
4.0079800481715155,1.3303170769041226e-05
4.020846108369357,1.3086797194853192e-05
4.033712168567198,1.287347764407191e-05
4.046578228765039,1.2663903108415139e-05
4.05944428896288,1.2457358918304743e-05
4.0723103491607215,1.2253667917733102e-05
4.085176409358563,1.2053466634532316e-05
4.098042469556404,1.1856065058451185e-05
4.110908529754245,1.1661826581129051e-05
4.123774589952086,1.1470253021966211e-05
4.1366406501499275,1.1282047055065138e-05
4.149506710347769,1.1096497344145681e-05
4.16237277054561,1.0913887271000497e-05
4.175238830743451,1.0734011552663126e-05
4.1881048909412915,1.055698481045983e-05
4.200970951139133,1.0382810817724175e-05
4.213837011336975,1.0211026424342506e-05
4.226703071534816,1.0042226904084378e-05
4.239569131732657,9.875736566003076e-06
4.2524351919304975,9.712346394574763e-06
4.265301252128339,9.551059480096892e-06
4.27816731232618,9.39242675517378e-06
4.291033372524022,9.236246623567618e-06
4.303899432721863,9.08249360118583e-06
4.3167654929197035,8.931292040554862e-06
4.329631553117545,8.782354618193554e-06
4.342497613315386,8.635804688655559e-06
4.355363673513227,8.491656258726444e-06
4.368229733711068,8.349644613161827e-06
4.3810957939089095,8.210091894688346e-06
4.393961854106751,8.072503338684964e-06
4.406827914304592,7.937158146035884e-06
4.419693974502433,7.8040025747876e-06
4.432560034700274,7.672961552557114e-06
4.4454260948981155,7.543983157956663e-06
4.458292155095957,7.417083821436163e-06
4.471158215293798,7.292211021298812e-06
4.484024275491639,7.169349055417105e-06
4.49689033568948,7.0485022785933e-06
4.5097563958873215,6.9294337066205145e-06
4.522622456085163,6.812387346687757e-06
4.535488516283003,6.697275995028731e-06
4.548354576480845,6.584057250748207e-06
4.561220636678686,6.472480646851771e-06
4.5740866968765275,6.3627692192487496e-06
4.586952757074369,6.254864300427289e-06
4.599818817272209,6.148687553585184e-06
4.61268487747005,6.044238549806754e-06
4.625550937667892,5.941442172849963e-06
4.6384169978657335,5.840397157020746e-06
4.651283058063575,5.740995425590837e-06
4.664149118261415,5.643134051035918e-06
4.677015178459256,5.546971929653588e-06
4.689881238657097,5.452227816407685e-06
4.702747298854939,5.359102889783283e-06
4.715613359052781,5.267526261244176e-06
4.728479419250621,5.177420276229496e-06
4.741345479448462,5.0888642746141915e-06
4.754211539646303,5.001680807505874e-06
4.767077599844145,4.9159906892948865e-06
4.779943660041986,4.831622058497069e-06
4.792809720239827,4.7487014405202765e-06
4.805675780437668,4.667099888790025e-06
4.818541840635509,4.586914526866713e-06
4.831407900833351,4.508002926408967e-06
4.844273961031192,4.430402817548441e-06
4.857140021229033,4.354090795518785e-06
4.870006081426874,4.279008627773059e-06
4.882872141624715,4.2052740543619045e-06
4.895738201822557,4.132679909937346e-06
4.908604262020398,4.06134509272533e-06
4.921470322218239,3.991148941126775e-06
4.93433638241608,3.9221018249147684e-06
4.9472024426139205,3.8542352900886515e-06
4.960068502811762,3.787461594673976e-06
4.972934563009604,3.721843318383582e-06
4.985800623207445,3.657328563092482e-06
4.998666683405286,3.5939078604737656e-06
5.0115327436031265,3.53146786730664e-06
5.024398803800968,3.4701195729611747e-06
5.037264863998809,3.409786305637866e-06
5.050130924196651,3.3504859873845356e-06
5.062996984394492,3.292179489125884e-06
5.0758630445923325,3.2348774868743807e-06
5.088729104790174,3.178524147515972e-06
5.101595164988015,3.123099096226159e-06
5.114461225185856,3.068578778239752e-06
5.127327285383697,3.0150456157561322e-06
5.1401933455815385,2.962380869265038e-06
5.15305940577938,2.910643112067364e-06
5.165925465977221,2.8596785270405755e-06
